<?xml version="1.0" encoding="UTF-8" standalone="no" ?>
<COLLADA xmlns="http://www.collada.org/2005/11/COLLADASchema" version="1.4.1">
    <asset>
        <contributor>
            <authoring_tool>SketchUp 16.0.19912</authoring_tool>
        </contributor>
        <created>2016-07-18T13:58:32Z</created>
        <modified>2016-07-18T13:58:32Z</modified>
        <unit meter="0.0254" name="inch" />
        <up_axis>Z_UP</up_axis>
    </asset>
    <library_visual_scenes>
        <visual_scene id="ID1">
            <node name="SketchUp">
                <node id="skp_camera" name="Last Saved SketchUp View">
                    <lookat>3284.038 3449.914 490.3693 2445.588 2207.419 505.1263 0.005506673 0.00816032 0.9999515</lookat>
                </node>
                <node id="ID2" name="instance_0">
                    <matrix>0.2623625 -0.1627015 -0.9511541 -35.51776 0.8965697 -0.3233902 0.3026243 76.35782 -0.3568314 -0.9321733 0.06102774 1.438673 0 0 0 1</matrix>
                    <instance_node url="#ID3" />
                </node>
                <node id="ID156" name="instance_1">
                    <matrix>0.02756253 -0.5560272 -0.830707 52.54447 0.9385262 -0.2716742 0.2129829 68.81772 -0.3441059 -0.7855106 0.5143581 179.926 0 0 0 1</matrix>
                    <instance_node url="#ID3" />
                </node>
                <node id="ID157" name="instance_2">
                    <matrix>-0.08035428 0.03516944 -0.9961457 323.5557 0.4209439 0.9070846 -0.001930435 10.30127 0.9035206 -0.4194766 -0.08769249 216.3594 0 0 0 1</matrix>
                    <instance_node url="#ID3" />
                </node>
                <node id="ID158" name="instance_3">
                    <matrix>1 0 0 254.5186 0 1 0 -260.7292 0 0 1 10.23648 0 0 0 1</matrix>
                    <instance_node url="#ID3" />
                </node>
                <node id="ID159" name="instance_4">
                    <matrix>-0.6798389 -0.7327573 -0.02976393 67.01034 0.6287259 -0.5614668 -0.5380138 -116.5979 0.3775221 -0.384476 0.8424104 18.75958 0 0 0 1</matrix>
                    <instance_node url="#ID3" />
                </node>
                <node id="ID160" name="instance_5">
                    <matrix>0.7861893 0.5850272 0.1991221 -77.14044 -0.5982684 0.8012557 0.008014071 -187.5072 -0.1548593 -0.125429 0.9799419 -270.2763 0 0 0 1</matrix>
                    <instance_node url="#ID3" />
                </node>
                <node id="ID161" name="instance_6">
                    <matrix>0.258819 -8.568829e-017 0.9659258 327.065 -8.326673e-017 1 1.110223e-016 -8.04569 -0.9659258 -1.091642e-016 0.258819 -80.98486 0 0 0 1</matrix>
                    <instance_node url="#ID3" />
                </node>
                <node id="ID162" name="instance_7">
                    <matrix>1 0 0 32.8385 0 1 0 185.3274 0 0 1 -150.7635 0 0 0 1</matrix>
                    <instance_node url="#ID3" />
                </node>
                <node id="ID163" name="instance_8">
                    <matrix>-0.2163135 -0.9430201 0.2528272 -136.9882 0.9761353 -0.2139854 0.0370162 -250.0614 0.0191943 0.2548006 0.9668031 44.06593 0 0 0 1</matrix>
                    <instance_node url="#ID3" />
                </node>
                <node id="ID164" name="instance_9">
                    <matrix>1 0 0 38.43368 0 1 0 -69.47939 0 0 1 -164.5135 0 0 0 1</matrix>
                    <instance_node url="#ID3" />
                </node>
                <node id="ID165" name="instance_10">
                    <matrix>1 0 0 284.9728 0 1 0 264.7636 0 0 1 10.23648 0 0 0 1</matrix>
                    <instance_node url="#ID3" />
                </node>
                <node id="ID166" name="instance_11">
                    <matrix>0.2623625 -0.1627015 -0.9511541 51.40867 0.8965697 -0.3233902 0.3026243 900.6068 -0.3568314 -0.9321733 0.06102774 268.2898 0 0 0 1</matrix>
                    <instance_node url="#ID3" />
                </node>
                <node id="ID167" name="instance_12">
                    <matrix>0.7861893 0.5850272 0.1991221 62.48404 -0.5982684 0.8012557 0.008014071 185.3072 -0.1548593 -0.125429 0.9799419 -3.425172 0 0 0 1</matrix>
                    <instance_node url="#ID3" />
                </node>
                <node id="ID168" name="instance_13">
                    <matrix>1 0 0 691.2347 0 1 0 -173.0018 0 0 1 277.0876 0 0 0 1</matrix>
                    <instance_node url="#ID3" />
                </node>
                <node id="ID169" name="instance_14">
                    <matrix>0.02756253 -0.5560272 -0.830707 192.1689 0.9385262 -0.2716742 0.2129829 441.6322 -0.3441059 -0.7855106 0.5143581 446.7771 0 0 0 1</matrix>
                    <instance_node url="#ID3" />
                </node>
                <node id="ID170" name="instance_15">
                    <matrix>-0.08035428 0.03516944 -0.9961457 410.4165 0.4209439 0.9070846 -0.001930435 416.6155 0.9035206 -0.4194766 -0.08769249 483.2105 0 0 0 1</matrix>
                    <instance_node url="#ID3" />
                </node>
                <node id="ID171" name="instance_16">
                    <matrix>1 0 0 424.5973 0 1 0 637.578 0 0 1 277.0876 0 0 0 1</matrix>
                    <instance_node url="#ID3" />
                </node>
                <node id="ID172" name="instance_17">
                    <matrix>1 0 0 178.0582 0 1 0 303.3351 0 0 1 102.3376 0 0 0 1</matrix>
                    <instance_node url="#ID3" />
                </node>
                <node id="ID173" name="instance_18">
                    <matrix>0.258819 -8.568829e-017 0.9659258 466.6894 -8.326673e-017 1 1.110223e-016 364.7688 -0.9659258 -1.091642e-016 0.258819 185.8662 0 0 0 1</matrix>
                    <instance_node url="#ID3" />
                </node>
                <node id="ID174" name="instance_19">
                    <matrix>-0.2163135 -0.9430201 0.2528272 2.636317 0.9761353 -0.2139854 0.0370162 122.7531 0.0191943 0.2548006 0.9668031 310.917 0 0 0 1</matrix>
                    <instance_node url="#ID3" />
                </node>
                <node id="ID175" name="instance_20">
                    <matrix>1 0 0 172.463 0 1 0 558.1418 0 0 1 116.0876 0 0 0 1</matrix>
                    <instance_node url="#ID3" />
                </node>
                <node id="ID176" name="instance_21">
                    <matrix>0.3735416 0.7977059 -0.4734257 -379.1991 0.03121542 -0.5208903 -0.8530527 389.1455 -0.9270881 0.3038725 -0.2194749 272.993 0 0 0 1</matrix>
                    <instance_node url="#ID3" />
                </node>
                <node id="ID177" name="instance_22">
                    <matrix>-0.329072 0.3947031 -0.8578584 -224.9521 -0.7013168 -0.7104962 -0.05787827 412.1187 -0.6323499 0.5825844 0.5106163 463.3689 0 0 0 1</matrix>
                    <instance_node url="#ID3" />
                </node>
                <node id="ID178" name="instance_23">
                    <matrix>-0.03997244 0.0330309 -0.9986547 -39.22695 0.9991264 -0.01087671 -0.04035107 390.4498 -0.01219491 -0.9993951 -0.03256727 422.596 0 0 0 1</matrix>
                    <instance_node url="#ID3" />
                </node>
                <node id="ID179" name="instance_24">
                    <matrix>-0.03997244 0.0330309 -0.9986547 -212.5563 0.9991264 -0.01087671 -0.04035107 626.0867 -0.01219491 -0.9993951 -0.03256727 79.85755 0 0 0 1</matrix>
                    <instance_node url="#ID3" />
                </node>
                <node id="ID180" name="instance_25">
                    <matrix>0.9542807 0.0330309 -0.2970813 297.4966 0.2975691 -0.01087671 0.9546383 798.4842 0.02830129 -0.9993951 -0.02020841 334.5448 0 0 0 1</matrix>
                    <instance_node url="#ID3" />
                </node>
                <node id="ID181" name="instance_26">
                    <matrix>0.02172072 -0.2238311 -0.9743859 -246.4785 -0.2275162 -0.9501503 0.2131921 -168.5211 -0.973532 0.2170579 -0.07156315 598.4152 0 0 0 1</matrix>
                    <instance_node url="#ID3" />
                </node>
                <node id="ID182" name="instance_27">
                    <matrix>-0.03997244 0.0330309 -0.9986547 -44.3183 0.9991264 -0.01087671 -0.04035107 381.5332 -0.01219491 -0.9993951 -0.03256727 167.5638 0 0 0 1</matrix>
                    <instance_node url="#ID3" />
                </node>
                <node id="ID183" name="instance_28">
                    <matrix>0.3754786 0.9267409 -0.01292974 -197.1827 0.2667801 -0.1214277 -0.9560772 308.2804 -0.8876059 0.3555371 -0.2928295 272.3442 0 0 0 1</matrix>
                    <instance_node url="#ID3" />
                </node>
                <node id="ID184" name="instance_29">
                    <matrix>0.1034637 0.1283415 -0.9863183 375.8932 0.7982584 0.5808623 0.1593193 -270.3332 0.5933623 -0.8038206 -0.04235153 545.4063 0 0 0 1</matrix>
                    <instance_node url="#ID3" />
                </node>
                <node id="ID185" name="instance_30">
                    <matrix>-0.03997244 0.0330309 -0.9986547 -228.6964 0.9991264 -0.01087671 -0.04035107 601.3748 -0.01219491 -0.9993951 -0.03256727 605.4039 0 0 0 1</matrix>
                    <instance_node url="#ID3" />
                </node>
                <node id="ID186" name="instance_31">
                    <matrix>-0.8851889 0.4474683 0.1273291 -428.3493 -0.1213206 0.04219895 -0.991716 659.0864 -0.4491346 -0.8933036 0.01693308 326.9826 0 0 0 1</matrix>
                    <instance_node url="#ID3" />
                </node>
                <node id="ID187" name="instance_32">
                    <matrix>0.1902759 -0.5134026 -0.8367872 236.2158 0.9371869 -0.158844 0.3105628 469.9694 -0.2923624 -0.8433187 0.45093 22.73539 0 0 0 1</matrix>
                    <instance_node url="#ID3" />
                </node>
                <node id="ID188" name="instance_33">
                    <matrix>-0.9874577 -0.107995 -0.1151714 201.7178 0.1384285 -0.2413984 -0.9605021 610.5628 0.07592724 -0.9643982 0.2533203 318.995 0 0 0 1</matrix>
                    <instance_node url="#ID3" />
                </node>
                <node id="ID189" name="instance_34">
                    <matrix>0.5863297 -0.1950928 -0.7862292 383.7636 0.7837441 0.3820516 0.4896752 -144.9874 0.204848 -0.9033136 0.376911 383.5205 0 0 0 1</matrix>
                    <instance_node url="#ID3" />
                </node>
                <node id="ID190" name="instance_35">
                    <matrix>0.1902759 -0.5134026 -0.8367872 500.2105 0.9371869 -0.158844 0.3105628 524.8995 -0.2923624 -0.8433187 0.45093 474.7969 0 0 0 1</matrix>
                    <instance_node url="#ID3" />
                </node>
                <node id="ID191" name="instance_36">
                    <matrix>-0.1886539 0.6909849 -0.6978177 150.5954 -0.2301145 -0.721898 -0.6526183 335.9647 -0.9547026 0.03745902 0.2951945 332.4516 0 0 0 1</matrix>
                    <instance_node url="#ID3" />
                </node>
                <node id="ID192" name="instance_37">
                    <matrix>-0.7680521 0.4705571 -0.4343639 639.8759 -0.6197611 -0.7169489 0.3191872 259.3185 -0.1612209 0.5143543 0.8422871 411.912 0 0 0 1</matrix>
                    <instance_node url="#ID3" />
                </node>
                <node id="ID193" name="instance_38">
                    <matrix>-0.111788 0.9151019 -0.387417 703.8531 -0.007350555 -0.3906114 -0.9205263 47.55624 -0.9937049 -0.1000561 0.05039219 271.3537 0 0 0 1</matrix>
                    <instance_node url="#ID3" />
                </node>
                <node id="ID194" name="instance_39">
                    <matrix>0.1902759 -0.5134026 -0.8367872 507.1351 0.9371869 -0.158844 0.3105628 237.7378 -0.2923624 -0.8433187 0.45093 297.8875 0 0 0 1</matrix>
                    <instance_node url="#ID3" />
                </node>
                <node id="ID195" name="instance_40">
                    <matrix>0.8575214 -0.5134026 -0.03278409 460.6188 -0.05741879 -0.158844 0.9856326 524.4218 -0.5112339 -0.8433187 -0.1656911 199.3599 0 0 0 1</matrix>
                    <instance_node url="#ID3" />
                </node>
                <node id="ID196" name="instance_41">
                    <matrix>-0.5583712 -0.2827872 -0.7799058 391.9312 -0.3518184 -0.7706642 0.5313196 166.7961 -0.7512959 0.5710587 0.3308269 595.5171 0 0 0 1</matrix>
                    <instance_node url="#ID3" />
                </node>
                <node id="ID197" name="instance_42">
                    <matrix>0.1902759 -0.5134026 -0.8367872 363.7462 0.9371869 -0.158844 0.3105628 196.2898 -0.2923624 -0.8433187 0.45093 90.84027 0 0 0 1</matrix>
                    <instance_node url="#ID3" />
                </node>
                <node id="ID198" name="instance_43">
                    <matrix>-0.8440211 -0.2439751 -0.4776028 -416.5022 0.4586549 -0.7899176 -0.4070206 -607.1795 -0.277964 -0.5625889 0.7786076 100.8471 0 0 0 1</matrix>
                    <instance_node url="#ID3" />
                </node>
                <node id="ID199" name="instance_44">
                    <matrix>-0.4664031 -0.05064661 0.8831212 -485.4294 -0.7371174 -0.5296558 -0.4196696 -472.3753 0.4890051 -0.8466993 0.2097006 393.769 0 0 0 1</matrix>
                    <instance_node url="#ID3" />
                </node>
                <node id="ID200" name="instance_45">
                    <matrix>-0.4436365 -0.6293565 -0.6380415 133.4455 0.8962032 -0.3135482 -0.3138587 -301.8334 -0.002527754 -0.7110541 0.7031328 237.5348 0 0 0 1</matrix>
                    <instance_node url="#ID3" />
                </node>
                <node id="ID201" name="instance_46">
                    <matrix>-0.8440211 -0.2439751 -0.4776028 -262.591 0.4586549 -0.7899176 -0.4070206 -206.0515 -0.277964 -0.5625889 0.7786076 404.9488 0 0 0 1</matrix>
                    <instance_node url="#ID3" />
                </node>
                <node id="ID202" name="instance_47">
                    <matrix>-0.08789445 0.9107425 0.4035128 -253.5661 -0.5886585 0.2792946 -0.7586012 -628.07 -0.8035893 -0.3042081 0.5115679 407.8124 0 0 0 1</matrix>
                    <instance_node url="#ID3" />
                </node>
                <node id="ID203" name="instance_48">
                    <matrix>-0.2697565 0.6614312 0.6998144 -95.83322 -0.4426446 0.5602416 -0.7001393 -601.7682 -0.8551591 -0.4986362 0.1416502 289.0769 0 0 0 1</matrix>
                    <instance_node url="#ID3" />
                </node>
                <node id="ID204" name="instance_49">
                    <matrix>0.2400993 0.9390734 -0.2459542 -143.5652 -0.9621124 0.2639194 0.06845679 -409.374 0.129198 0.2201992 0.966861 382.6188 0 0 0 1</matrix>
                    <instance_node url="#ID3" />
                </node>
                <node id="ID205" name="instance_50">
                    <matrix>-0.8440211 -0.2439751 -0.4776028 -43.40991 0.4586549 -0.7899176 -0.4070206 -385.1047 -0.277964 -0.5625889 0.7786076 221.3559 0 0 0 1</matrix>
                    <instance_node url="#ID3" />
                </node>
                <node id="ID206" name="instance_51">
                    <matrix>0.2428802 -0.2439751 -0.9388745 -341.9026 0.5118604 -0.7899176 0.337682 -335.2479 -0.8240195 -0.5625889 -0.06697411 171.6009 0 0 0 1</matrix>
                    <instance_node url="#ID3" />
                </node>
                <node id="ID207" name="instance_52">
                    <matrix>-0.06474682 0.7264425 -0.6841704 49.08921 -0.8780922 -0.3671991 -0.3067881 -407.814 -0.4740907 0.5809011 0.6616585 534.1118 0 0 0 1</matrix>
                    <instance_node url="#ID3" />
                </node>
                <node id="ID208" name="instance_53">
                    <matrix>-0.8440211 -0.2439751 -0.4776028 -107.421 0.4586549 -0.7899176 -0.4070206 -594.5438 -0.277964 -0.5625889 0.7786076 90.26551 0 0 0 1</matrix>
                    <instance_node url="#ID3" />
                </node>
                <node id="ID209" name="instance_54">
                    <matrix>0.2623625 -0.1627015 -0.9511541 -689.9384 0.8965697 -0.3233902 0.3026243 70.77008 -0.3568314 -0.9321733 0.06102774 32.56879 0 0 0 1</matrix>
                    <instance_node url="#ID3" />
                </node>
                <node id="ID210" name="instance_55">
                    <matrix>-0.6798389 -0.7327573 -0.02976393 -587.4103 0.6287259 -0.5614668 -0.5380138 -122.1857 0.3775221 -0.384476 0.8424104 49.88969 0 0 0 1</matrix>
                    <instance_node url="#ID3" />
                </node>
                <node id="ID211" name="instance_56">
                    <matrix>1 0 0 -615.987 0 1 0 -75.06712 0 0 1 -133.3834 0 0 0 1</matrix>
                    <instance_node url="#ID3" />
                </node>
                <node id="ID212" name="instance_57">
                    <matrix>0.258819 -8.568829e-017 0.9659258 -327.3557 -8.326673e-017 1 1.110223e-016 -13.63342 -0.9659258 -1.091642e-016 0.258819 -49.85475 0 0 0 1</matrix>
                    <instance_node url="#ID3" />
                </node>
                <node id="ID213" name="instance_58">
                    <matrix>-0.2163135 -0.9430201 0.2528272 -791.4088 0.9761353 -0.2139854 0.0370162 -255.6491 0.0191943 0.2548006 0.9668031 75.19605 0 0 0 1</matrix>
                    <instance_node url="#ID3" />
                </node>
                <node id="ID214" name="instance_59">
                    <matrix>1 0 0 -621.5821 0 1 0 179.7397 0 0 1 -119.6334 0 0 0 1</matrix>
                    <instance_node url="#ID3" />
                </node>
                <node id="ID215" name="instance_60">
                    <matrix>1 0 0 -369.4478 0 1 0 259.1758 0 0 1 41.36659 0 0 0 1</matrix>
                    <instance_node url="#ID3" />
                </node>
                <node id="ID216" name="instance_61">
                    <matrix>-0.08035428 0.03516944 -0.9961457 -330.8649 0.4209439 0.9070846 -0.001930435 4.713537 0.9035206 -0.4194766 -0.08769249 247.4895 0 0 0 1</matrix>
                    <instance_node url="#ID3" />
                </node>
                <node id="ID217" name="instance_62">
                    <matrix>0.7861893 0.5850272 0.1991221 -731.5611 -0.5982684 0.8012557 0.008014071 -193.095 -0.1548593 -0.125429 0.9799419 -239.1462 0 0 0 1</matrix>
                    <instance_node url="#ID3" />
                </node>
                <node id="ID218" name="instance_63">
                    <matrix>1 0 0 -399.902 0 1 0 -266.317 0 0 1 41.36659 0 0 0 1</matrix>
                    <instance_node url="#ID3" />
                </node>
                <node id="ID219" name="instance_64">
                    <matrix>0.02756253 -0.5560272 -0.830707 -601.8762 0.9385262 -0.2716742 0.2129829 63.22998 -0.3441059 -0.7855106 0.5143581 211.0561 0 0 0 1</matrix>
                    <instance_node url="#ID3" />
                </node>
                <node id="ID220" name="instance_65">
                    <matrix>0.2623625 -0.1627015 -0.9511541 627.7749 0.8965697 -0.3233902 0.3026243 -78.03861 -0.3568314 -0.9321733 0.06102774 279.6503 0 0 0 1</matrix>
                    <instance_node url="#ID3" />
                </node>
                <node id="ID221" name="instance_66">
                    <matrix>1 0 0 948.2655 0 1 0 110.3671 0 0 1 288.4481 0 0 0 1</matrix>
                    <instance_node url="#ID3" />
                </node>
                <node id="ID222" name="instance_67">
                    <matrix>-0.03997244 0.0330309 -0.9986547 450.7364 0.9991264 -0.01087671 -0.04035107 471.6903 -0.01219491 -0.9993951 -0.03256727 358.0692 0 0 0 1</matrix>
                    <instance_node url="#ID3" />
                </node>
                <node id="ID223" name="instance_68">
                    <matrix>0.2623625 -0.1627015 -0.9511541 -26.64569 0.8965697 -0.3233902 0.3026243 -83.62635 -0.3568314 -0.9321733 0.06102774 310.7804 0 0 0 1</matrix>
                    <instance_node url="#ID3" />
                </node>
                <node id="ID224" name="instance_69">
                    <matrix>0.9542807 0.0330309 -0.2970813 960.7893 0.2975691 -0.01087671 0.9546383 644.0878 0.02830129 -0.9993951 -0.02020841 612.7565 0 0 0 1</matrix>
                    <instance_node url="#ID3" />
                </node>
                <node id="ID225" name="instance_70">
                    <matrix>0.02172072 -0.2238311 -0.9743859 416.8142 -0.2275162 -0.9501503 0.2131921 -322.9175 -0.973532 0.2170579 -0.07156315 876.6268 0 0 0 1</matrix>
                    <instance_node url="#ID3" />
                </node>
                <node id="ID226" name="instance_71">
                    <matrix>-0.03997244 0.0330309 -0.9986547 618.9744 0.9991264 -0.01087671 -0.04035107 227.1368 -0.01219491 -0.9993951 -0.03256727 445.7754 0 0 0 1</matrix>
                    <instance_node url="#ID3" />
                </node>
                <node id="ID227" name="instance_72">
                    <matrix>0.1902759 -0.5134026 -0.8367872 899.5085 0.9371869 -0.158844 0.3105628 315.573 -0.2923624 -0.8433187 0.45093 300.9471 0 0 0 1</matrix>
                    <instance_node url="#ID3" />
                </node>
                <node id="ID228" name="instance_73">
                    <matrix>-0.4664031 -0.05064661 0.8831212 177.8633 -0.7371174 -0.5296558 -0.4196696 -626.7717 0.4890051 -0.8466993 0.2097006 671.9807 0 0 0 1</matrix>
                    <instance_node url="#ID3" />
                </node>
                <node id="ID229" name="instance_74">
                    <matrix>-0.4436365 -0.6293565 -0.6380415 796.7382 0.8962032 -0.3135482 -0.3138587 -456.2298 -0.002527754 -0.7110541 0.7031328 515.7464 0 0 0 1</matrix>
                    <instance_node url="#ID3" />
                </node>
                <node id="ID230" name="instance_75">
                    <matrix>-0.8440211 -0.2439751 -0.4776028 400.7017 0.4586549 -0.7899176 -0.4070206 -360.4479 -0.277964 -0.5625889 0.7786076 683.1604 0 0 0 1</matrix>
                    <instance_node url="#ID3" />
                </node>
                <node id="ID231" name="instance_76">
                    <matrix>-0.08789445 0.9107425 0.4035128 409.7266 -0.5886585 0.2792946 -0.7586012 -782.4664 -0.8035893 -0.3042081 0.5115679 686.024 0 0 0 1</matrix>
                    <instance_node url="#ID3" />
                </node>
                <node id="ID232" name="instance_77">
                    <matrix>-0.1886539 0.6909849 -0.6978177 813.8881 -0.2301145 -0.721898 -0.6526183 181.5683 -0.9547026 0.03745902 0.2951945 610.6633 0 0 0 1</matrix>
                    <instance_node url="#ID3" />
                </node>
                <node id="ID233" name="instance_78">
                    <matrix>-0.7680521 0.4705571 -0.4343639 1303.169 -0.6197611 -0.7169489 0.3191872 104.9221 -0.1612209 0.5143543 0.8422871 690.1237 0 0 0 1</matrix>
                    <instance_node url="#ID3" />
                </node>
                <node id="ID234" name="instance_79">
                    <matrix>1 0 0 696.1312 0 1 0 30.93095 0 0 1 127.4481 0 0 0 1</matrix>
                    <instance_node url="#ID3" />
                </node>
                <node id="ID235" name="instance_80">
                    <matrix>-0.111788 0.9151019 -0.387417 1367.146 -0.007350555 -0.3906114 -0.9205263 -106.8402 -0.9937049 -0.1000561 0.05039219 549.5653 0 0 0 1</matrix>
                    <instance_node url="#ID3" />
                </node>
                <node id="ID236" name="instance_81">
                    <matrix>0.1034637 0.1283415 -0.9863183 1039.186 0.7982584 0.5808623 0.1593193 -424.7296 0.5933623 -0.8038206 -0.04235153 823.6179 0 0 0 1</matrix>
                    <instance_node url="#ID3" />
                </node>
                <node id="ID237" name="instance_82">
                    <matrix>-0.03997244 0.0330309 -0.9986547 434.5963 0.9991264 -0.01087671 -0.04035107 446.9783 -0.01219491 -0.9993951 -0.03256727 883.6156 0 0 0 1</matrix>
                    <instance_node url="#ID3" />
                </node>
                <node id="ID238" name="instance_83">
                    <matrix>-0.6798389 -0.7327573 -0.02976393 75.88241 0.6287259 -0.5614668 -0.5380138 -276.5821 0.3775221 -0.384476 0.8424104 328.1014 0 0 0 1</matrix>
                    <instance_node url="#ID3" />
                </node>
                <node id="ID239" name="instance_84">
                    <matrix>1 0 0 47.30575 0 1 0 -229.4636 0 0 1 144.8283 0 0 0 1</matrix>
                    <instance_node url="#ID3" />
                </node>
                <node id="ID240" name="instance_85">
                    <matrix>0.258819 -8.568829e-017 0.9659258 335.937 -8.326673e-017 1 1.110223e-016 -168.0299 -0.9659258 -1.091642e-016 0.258819 228.3569 0 0 0 1</matrix>
                    <instance_node url="#ID3" />
                </node>
                <node id="ID241" name="instance_86">
                    <matrix>-0.2163135 -0.9430201 0.2528272 -128.1161 0.9761353 -0.2139854 0.0370162 -410.0455 0.0191943 0.2548006 0.9668031 353.4077 0 0 0 1</matrix>
                    <instance_node url="#ID3" />
                </node>
                <node id="ID242" name="instance_87">
                    <matrix>1 0 0 41.71056 0 1 0 25.34322 0 0 1 158.5783 0 0 0 1</matrix>
                    <instance_node url="#ID3" />
                </node>
                <node id="ID243" name="instance_88">
                    <matrix>-0.8851889 0.4474683 0.1273291 234.9434 -0.1213206 0.04219895 -0.991716 504.69 -0.4491346 -0.8933036 0.01693308 605.1942 0 0 0 1</matrix>
                    <instance_node url="#ID3" />
                </node>
                <node id="ID244" name="instance_89">
                    <matrix>1 0 0 293.8449 0 1 0 104.7794 0 0 1 319.5783 0 0 0 1</matrix>
                    <instance_node url="#ID3" />
                </node>
                <node id="ID245" name="instance_90">
                    <matrix>-0.08035428 0.03516944 -0.9961457 332.4278 0.4209439 0.9070846 -0.001930435 -149.6829 0.9035206 -0.4194766 -0.08769249 525.7012 0 0 0 1</matrix>
                    <instance_node url="#ID3" />
                </node>
                <node id="ID246" name="instance_91">
                    <matrix>0.7861893 0.5850272 0.1991221 725.7767 -0.5982684 0.8012557 0.008014071 30.91079 -0.1548593 -0.125429 0.9799419 274.7865 0 0 0 1</matrix>
                    <instance_node url="#ID3" />
                </node>
                <node id="ID247" name="instance_92">
                    <matrix>1 0 0 1354.527 0 1 0 -327.3982 0 0 1 555.2993 0 0 0 1</matrix>
                    <instance_node url="#ID3" />
                </node>
                <node id="ID248" name="instance_93">
                    <matrix>0.02756253 -0.5560272 -0.830707 855.4617 0.9385262 -0.2716742 0.2129829 287.2357 -0.3441059 -0.7855106 0.5143581 724.9888 0 0 0 1</matrix>
                    <instance_node url="#ID3" />
                </node>
                <node id="ID249" name="instance_94">
                    <matrix>-0.08035428 0.03516944 -0.9961457 1073.709 0.4209439 0.9070846 -0.001930435 262.2191 0.9035206 -0.4194766 -0.08769249 761.4222 0 0 0 1</matrix>
                    <instance_node url="#ID3" />
                </node>
                <node id="ID250" name="instance_95">
                    <matrix>1 0 0 701.7264 0 1 0 -223.8758 0 0 1 113.6981 0 0 0 1</matrix>
                    <instance_node url="#ID3" />
                </node>
                <node id="ID251" name="instance_96">
                    <matrix>-0.2697565 0.6614312 0.6998144 567.4595 -0.4426446 0.5602416 -0.7001393 -756.1646 -0.8551591 -0.4986362 0.1416502 567.2886 0 0 0 1</matrix>
                    <instance_node url="#ID3" />
                </node>
                <node id="ID252" name="instance_97">
                    <matrix>0.3754786 0.9267409 -0.01292974 466.11 0.2667801 -0.1214277 -0.9560772 153.884 -0.8876059 0.3555371 -0.2928295 550.5559 0 0 0 1</matrix>
                    <instance_node url="#ID3" />
                </node>
                <node id="ID253" name="instance_98">
                    <matrix>0.258819 -8.568829e-017 0.9659258 990.3577 -8.326673e-017 1 1.110223e-016 -162.4421 -0.9659258 -1.091642e-016 0.258819 197.2268 0 0 0 1</matrix>
                    <instance_node url="#ID3" />
                </node>
                <node id="ID254" name="instance_99">
                    <matrix>-0.2163135 -0.9430201 0.2528272 526.3045 0.9761353 -0.2139854 0.0370162 -404.4578 0.0191943 0.2548006 0.9668031 322.2776 0 0 0 1</matrix>
                    <instance_node url="#ID3" />
                </node>
                <node id="ID255" name="instance_100">
                    <matrix>1 0 0 1087.89 0 1 0 483.1816 0 0 1 555.2993 0 0 0 1</matrix>
                    <instance_node url="#ID3" />
                </node>
                <node id="ID256" name="instance_101">
                    <matrix>-0.9874577 -0.107995 -0.1151714 865.0105 0.1384285 -0.2413984 -0.9605021 456.1663 0.07592724 -0.9643982 0.2533203 597.2067 0 0 0 1</matrix>
                    <instance_node url="#ID3" />
                </node>
                <node id="ID257" name="instance_102">
                    <matrix>0.5863297 -0.1950928 -0.7862292 1047.056 0.7837441 0.3820516 0.4896752 -299.3838 0.204848 -0.9033136 0.376911 661.7321 0 0 0 1</matrix>
                    <instance_node url="#ID3" />
                </node>
                <node id="ID258" name="instance_103">
                    <matrix>0.1902759 -0.5134026 -0.8367872 1163.503 0.9371869 -0.158844 0.3105628 370.5031 -0.2923624 -0.8433187 0.45093 753.0086 0 0 0 1</matrix>
                    <instance_node url="#ID3" />
                </node>
                <node id="ID259" name="instance_104">
                    <matrix>1 0 0 835.7557 0 1 0 403.7454 0 0 1 394.2993 0 0 0 1</matrix>
                    <instance_node url="#ID3" />
                </node>
                <node id="ID260" name="instance_105">
                    <matrix>0.1902759 -0.5134026 -0.8367872 1170.428 0.9371869 -0.158844 0.3105628 83.34138 -0.2923624 -0.8433187 0.45093 576.0991 0 0 0 1</matrix>
                    <instance_node url="#ID3" />
                </node>
                <node id="ID261" name="instance_106">
                    <matrix>0.8575214 -0.5134026 -0.03278409 1123.911 -0.05741879 -0.158844 0.9856326 370.0254 -0.5112339 -0.8433187 -0.1656911 477.5716 0 0 0 1</matrix>
                    <instance_node url="#ID3" />
                </node>
                <node id="ID262" name="instance_107">
                    <matrix>-0.5583712 -0.2827872 -0.7799058 1055.224 -0.3518184 -0.7706642 0.5313196 12.3997 -0.7512959 0.5710587 0.3308269 873.7288 0 0 0 1</matrix>
                    <instance_node url="#ID3" />
                </node>
                <node id="ID263" name="instance_108">
                    <matrix>0.1902759 -0.5134026 -0.8367872 1027.039 0.9371869 -0.158844 0.3105628 41.89336 -0.2923624 -0.8433187 0.45093 369.0519 0 0 0 1</matrix>
                    <instance_node url="#ID3" />
                </node>
                <node id="ID264" name="instance_109">
                    <matrix>0.2400993 0.9390734 -0.2459542 519.7275 -0.9621124 0.2639194 0.06845679 -563.7704 0.129198 0.2201992 0.966861 660.8304 0 0 0 1</matrix>
                    <instance_node url="#ID3" />
                </node>
                <node id="ID265" name="instance_110">
                    <matrix>-0.8440211 -0.2439751 -0.4776028 619.8828 0.4586549 -0.7899176 -0.4070206 -539.5011 -0.277964 -0.5625889 0.7786076 499.5675 0 0 0 1</matrix>
                    <instance_node url="#ID3" />
                </node>
                <node id="ID266" name="instance_111">
                    <matrix>0.2428802 -0.2439751 -0.9388745 321.3901 0.5118604 -0.7899176 0.337682 -489.6444 -0.8240195 -0.5625889 -0.06697411 449.8126 0 0 0 1</matrix>
                    <instance_node url="#ID3" />
                </node>
                <node id="ID267" name="instance_112">
                    <matrix>-0.06474682 0.7264425 -0.6841704 712.3819 -0.8780922 -0.3671991 -0.3067881 -562.2104 -0.4740907 0.5809011 0.6616585 812.3234 0 0 0 1</matrix>
                    <instance_node url="#ID3" />
                </node>
                <node id="ID268" name="instance_113">
                    <matrix>-0.8440211 -0.2439751 -0.4776028 555.8717 0.4586549 -0.7899176 -0.4070206 -748.9402 -0.277964 -0.5625889 0.7786076 368.4772 0 0 0 1</matrix>
                    <instance_node url="#ID3" />
                </node>
                <node id="ID269" name="instance_114">
                    <matrix>-0.08035428 0.03516944 -0.9961457 986.8484 0.4209439 0.9070846 -0.001930435 -144.0952 0.9035206 -0.4194766 -0.08769249 494.5711 0 0 0 1</matrix>
                    <instance_node url="#ID3" />
                </node>
                <node id="ID270" name="instance_115">
                    <matrix>0.2623625 -0.1627015 -0.9511541 714.7014 0.8965697 -0.3233902 0.3026243 746.2104 -0.3568314 -0.9321733 0.06102774 546.5014 0 0 0 1</matrix>
                    <instance_node url="#ID3" />
                </node>
                <node id="ID271" name="instance_116">
                    <matrix>0.7861893 0.5850272 0.1991221 586.1523 -0.5982684 0.8012557 0.008014071 -341.9037 -0.1548593 -0.125429 0.9799419 7.935378 0 0 0 1</matrix>
                    <instance_node url="#ID3" />
                </node>
                <node id="ID272" name="instance_117">
                    <matrix>-0.8440211 -0.2439751 -0.4776028 246.7905 0.4586549 -0.7899176 -0.4070206 -761.576 -0.277964 -0.5625889 0.7786076 379.0588 0 0 0 1</matrix>
                    <instance_node url="#ID3" />
                </node>
                <node id="ID273" name="instance_118">
                    <matrix>0.7861893 0.5850272 0.1991221 -68.26837 -0.5982684 0.8012557 0.008014071 -347.4914 -0.1548593 -0.125429 0.9799419 39.06549 0 0 0 1</matrix>
                    <instance_node url="#ID3" />
                </node>
                <node id="ID274" name="instance_119">
                    <matrix>1 0 0 263.3907 0 1 0 -420.7134 0 0 1 319.5783 0 0 0 1</matrix>
                    <instance_node url="#ID3" />
                </node>
                <node id="ID275" name="instance_120">
                    <matrix>0.02756253 -0.5560272 -0.830707 61.41654 0.9385262 -0.2716742 0.2129829 -91.16645 -0.3441059 -0.7855106 0.5143581 489.2678 0 0 0 1</matrix>
                    <instance_node url="#ID3" />
                </node>
                <node id="ID276" name="instance_121">
                    <matrix>-0.6798389 -0.7327573 -0.02976393 776.5283 0.6287259 -0.5614668 -0.5380138 -153.6414 0.3775221 -0.384476 0.8424104 563.8224 0 0 0 1</matrix>
                    <instance_node url="#ID3" />
                </node>
                <node id="ID277" name="instance_122">
                    <matrix>1 0 0 841.3509 0 1 0 148.9386 0 0 1 380.5493 0 0 0 1</matrix>
                    <instance_node url="#ID3" />
                </node>
                <node id="ID278" name="instance_123">
                    <matrix>0.258819 -8.568829e-017 0.9659258 1129.982 -8.326673e-017 1 1.110223e-016 210.3723 -0.9659258 -1.091642e-016 0.258819 464.0779 0 0 0 1</matrix>
                    <instance_node url="#ID3" />
                </node>
                <node id="ID279" name="instance_124">
                    <matrix>-0.2163135 -0.9430201 0.2528272 665.929 0.9761353 -0.2139854 0.0370162 -31.64336 0.0191943 0.2548006 0.9668031 589.1287 0 0 0 1</matrix>
                    <instance_node url="#ID3" />
                </node>
                <node id="ID280" name="instance_125">
                    <matrix>1 0 0 917.8113 0 1 0 -415.1257 0 0 1 288.4481 0 0 0 1</matrix>
                    <instance_node url="#ID3" />
                </node>
                <node id="ID281" name="instance_126">
                    <matrix>0.02756253 -0.5560272 -0.830707 715.8372 0.9385262 -0.2716742 0.2129829 -85.57871 -0.3441059 -0.7855106 0.5143581 458.1377 0 0 0 1</matrix>
                    <instance_node url="#ID3" />
                </node>
                <node id="ID282" name="instance_127">
                    <matrix>-0.6798389 -0.7327573 -0.02976393 730.303 0.6287259 -0.5614668 -0.5380138 -270.9944 0.3775221 -0.384476 0.8424104 296.9712 0 0 0 1</matrix>
                    <instance_node url="#ID3" />
                </node>
                <node id="ID283" name="instance_128">
                    <matrix>0.3735416 0.7977059 -0.4734257 284.0936 0.03121542 -0.5208903 -0.8530527 234.7491 -0.9270881 0.3038725 -0.2194749 551.2047 0 0 0 1</matrix>
                    <instance_node url="#ID3" />
                </node>
                <node id="ID284" name="instance_129">
                    <matrix>-0.329072 0.3947031 -0.8578584 438.3406 -0.7013168 -0.7104962 -0.05787827 257.7223 -0.6323499 0.5825844 0.5106163 741.5805 0 0 0 1</matrix>
                    <instance_node url="#ID3" />
                </node>
                <node id="ID285" name="instance_130">
                    <matrix>-0.03997244 0.0330309 -0.9986547 624.0658 0.9991264 -0.01087671 -0.04035107 236.0534 -0.01219491 -0.9993951 -0.03256727 700.8077 0 0 0 1</matrix>
                    <instance_node url="#ID3" />
                </node>
                <node id="ID286" name="instance_131">
                    <matrix>1 0 0 1073.349 0 1 0 489.7457 0 0 1 -483.789 0 0 0 1</matrix>
                    <instance_node url="#ID3" />
                </node>
                <node id="ID287" name="instance_132">
                    <matrix>-0.8440211 -0.2439751 -0.4776028 371.8744 0.4586549 -0.7899176 -0.4070206 -382.1974 -0.277964 -0.5625889 0.7786076 -393.1783 0 0 0 1</matrix>
                    <instance_node url="#ID3" />
                </node>
                <node id="ID288" name="instance_133">
                    <matrix>-0.08035428 0.03516944 -0.9961457 1111.932 0.4209439 0.9070846 -0.001930435 235.2834 0.9035206 -0.4194766 -0.08769249 -277.6661 0 0 0 1</matrix>
                    <instance_node url="#ID3" />
                </node>
                <node id="ID289" name="instance_134">
                    <matrix>0.2623625 -0.1627015 -0.9511541 839.7853 0.8965697 -0.3233902 0.3026243 1125.589 -0.3568314 -0.9321733 0.06102774 -225.7357 0 0 0 1</matrix>
                    <instance_node url="#ID3" />
                </node>
                <node id="ID290" name="instance_135">
                    <matrix>0.7861893 0.5850272 0.1991221 711.2362 -0.5982684 0.8012557 0.008014071 37.47489 -0.1548593 -0.125429 0.9799419 -764.3018 0 0 0 1</matrix>
                    <instance_node url="#ID3" />
                </node>
                <node id="ID291" name="instance_136">
                    <matrix>1 0 0 1042.895 0 1 0 -35.74711 0 0 1 -483.789 0 0 0 1</matrix>
                    <instance_node url="#ID3" />
                </node>
                <node id="ID292" name="instance_137">
                    <matrix>0.02756253 -0.5560272 -0.830707 840.9211 0.9385262 -0.2716742 0.2129829 293.7998 -0.3441059 -0.7855106 0.5143581 -314.0995 0 0 0 1</matrix>
                    <instance_node url="#ID3" />
                </node>
                <node id="ID293" name="instance_138">
                    <matrix>-0.6798389 -0.7327573 -0.02976393 855.3869 0.6287259 -0.5614668 -0.5380138 108.3842 0.3775221 -0.384476 0.8424104 -475.2659 0 0 0 1</matrix>
                    <instance_node url="#ID3" />
                </node>
                <node id="ID294" name="instance_139">
                    <matrix>0.3735416 0.7977059 -0.4734257 409.1775 0.03121542 -0.5208903 -0.8530527 614.1277 -0.9270881 0.3038725 -0.2194749 -221.0325 0 0 0 1</matrix>
                    <instance_node url="#ID3" />
